             o  ,    o  ,                                 BURLINGTON, VERMONT                          Astronomical Applications Dept.
Location: W073 13, N44 29                          Rise and Set for the Sun for 2015                   U. S. Naval Observatory        
                                                                                                       Washington, DC  20392-5420     
                                                         Eastern Standard Time                                                        
                                                                                                                                      
                                                                                                                                      
       Jan.       Feb.       Mar.       Apr.       May        June       July       Aug.       Sept.      Oct.       Nov.       Dec.  
Day Rise  Set  Rise  Set  Rise  Set  Rise  Set  Rise  Set  Rise  Set  Rise  Set  Rise  Set  Rise  Set  Rise  Set  Rise  Set  Rise  Set
     h m  h m   h m  h m   h m  h m   h m  h m   h m  h m   h m  h m   h m  h m   h m  h m   h m  h m   h m  h m   h m  h m   h m  h m
01  0729 1624  0712 1702  0631 1740  0534 1820  0444 1857  0412 1930  0412 1941  0439 1918  0515 1830  0550 1734  0630 1642  0709 1615
02  0729 1625  0710 1703  0629 1742  0533 1821  0442 1858  0411 1931  0413 1941  0441 1917  0516 1828  0552 1732  0631 1641  0710 1614
03  0729 1626  0709 1705  0627 1743  0531 1822  0441 1859  0410 1932  0413 1941  0442 1916  0518 1826  0553 1730  0633 1640  0711 1614
04  0729 1627  0708 1706  0625 1744  0529 1824  0440 1901  0410 1933  0414 1941  0443 1914  0519 1824  0554 1729  0634 1638  0712 1614
05  0729 1628  0707 1707  0624 1746  0527 1825  0438 1902  0410 1933  0414 1940  0444 1913  0520 1823  0555 1727  0635 1637  0713 1613
06  0729 1629  0706 1709  0622 1747  0525 1826  0437 1903  0409 1934  0415 1940  0445 1912  0521 1821  0556 1725  0637 1636  0714 1613
07  0729 1630  0704 1710  0620 1748  0524 1827  0435 1904  0409 1935  0416 1940  0446 1910  0522 1819  0558 1723  0638 1635  0715 1613
08  0729 1631  0703 1712  0618 1750  0522 1829  0434 1905  0409 1935  0416 1939  0447 1909  0523 1817  0559 1721  0639 1633  0716 1613
09  0728 1632  0702 1713  0617 1751  0520 1830  0433 1906  0408 1936  0417 1939  0449 1908  0525 1815  0600 1719  0641 1632  0717 1613
10  0728 1633  0700 1714  0615 1752  0518 1831  0432 1908  0408 1937  0418 1938  0450 1906  0526 1813  0601 1718  0642 1631  0718 1613
11  0728 1634  0659 1716  0613 1754  0516 1832  0430 1909  0408 1937  0419 1938  0451 1905  0527 1811  0603 1716  0643 1630  0719 1613
12  0727 1635  0658 1717  0611 1755  0515 1834  0429 1910  0408 1938  0420 1937  0452 1903  0528 1810  0604 1714  0645 1629  0720 1613
13  0727 1636  0656 1719  0609 1756  0513 1835  0428 1911  0408 1938  0420 1936  0453 1902  0529 1808  0605 1712  0646 1628  0721 1613
14  0726 1638  0655 1720  0608 1757  0511 1836  0427 1912  0408 1939  0421 1936  0454 1900  0530 1806  0606 1711  0647 1627  0721 1613
15  0726 1639  0653 1721  0606 1759  0509 1837  0426 1913  0408 1939  0422 1935  0455 1859  0532 1804  0608 1709  0649 1626  0722 1614
16  0725 1640  0652 1723  0604 1800  0508 1838  0425 1914  0408 1940  0423 1934  0457 1857  0533 1802  0609 1707  0650 1625  0723 1614
17  0725 1641  0650 1724  0602 1801  0506 1840  0424 1916  0408 1940  0424 1934  0458 1855  0534 1800  0610 1706  0651 1624  0724 1614
18  0724 1643  0649 1726  0600 1802  0504 1841  0423 1917  0408 1940  0425 1933  0459 1854  0535 1758  0612 1704  0653 1623  0724 1615
19  0724 1644  0647 1727  0558 1804  0503 1842  0422 1918  0408 1941  0426 1932  0500 1852  0536 1756  0613 1702  0654 1622  0725 1615
20  0723 1645  0646 1728  0557 1805  0501 1843  0421 1919  0408 1941  0427 1931  0501 1851  0537 1755  0614 1701  0655 1621  0725 1615
21  0722 1647  0644 1730  0555 1806  0459 1845  0420 1920  0408 1941  0428 1930  0502 1849  0539 1753  0615 1659  0657 1620  0726 1616
22  0721 1648  0642 1731  0553 1807  0458 1846  0419 1921  0408 1941  0429 1929  0504 1847  0540 1751  0617 1657  0658 1620  0726 1616
23  0721 1649  0641 1732  0551 1809  0456 1847  0418 1922  0409 1941  0430 1928  0505 1846  0541 1749  0618 1656  0659 1619  0727 1617
24  0720 1651  0639 1734  0549 1810  0455 1848  0417 1923  0409 1942  0431 1927  0506 1844  0542 1747  0619 1654  0700 1618  0727 1617
25  0719 1652  0637 1735  0547 1811  0453 1850  0416 1924  0409 1942  0432 1926  0507 1842  0543 1745  0621 1653  0702 1618  0728 1618
26  0718 1653  0636 1736  0545 1812  0451 1851  0415 1925  0410 1942  0433 1925  0508 1840  0544 1743  0622 1651  0703 1617  0728 1619
27  0717 1655  0634 1738  0544 1814  0450 1852  0415 1926  0410 1942  0434 1924  0509 1839  0546 1741  0623 1650  0704 1616  0728 1619
28  0716 1656  0632 1739  0542 1815  0448 1853  0414 1927  0410 1942  0435 1923  0511 1837  0547 1740  0625 1648  0705 1616  0729 1620
29  0715 1658             0540 1816  0447 1855  0413 1928  0411 1942  0436 1922  0512 1835  0548 1738  0626 1647  0706 1615  0729 1621
30  0714 1659             0538 1817  0445 1856  0413 1929  0411 1941  0437 1921  0513 1833  0549 1736  0627 1645  0708 1615  0729 1622
31  0713 1700             0536 1819             0412 1929             0438 1919  0514 1832             0629 1644             0729 1623

                                             Add one hour for daylight time, if and when in use.
